  181   6 life=     2 job=     1 job_id=   700 ensemble_num=    10 loop_num=     1 pes_id=   500
 14   7 tester_id=   5 ndim_fac=     3 init_temp=   10.0 final_temp=  100.0 delta_temp=   10.00 init_loop=           1.0 final_loop=   100000000.0 delta_loop=           1.0 corr_observe_time_step=          5000 corr_delta_time=   0.0010000 corr_method=  1 output_flag=  1 source_file_flag=  1 header_file_flag=  3 tester_flag= corr                 source_type= dat source_file_type= dat source_file_name= 'BIMD_dat_protein_input/TTR_                                                     ' header_file_source_type=     header_file_type= non header_file_name= 'BIMD_non_protein_input/TTR_                                                     '
CH3       0.0000000     0.0000000     0.0000000 0
C         0.0000000     0.0000000     1.5100000 0
O         1.0290000     0.0000000     2.1660000 0
1HH3      1.0560000     0.0000000    -0.3410000 0
2HH3     -0.4980000     0.9320000    -0.3410000 0
3HH3     -0.4980000    -0.9320000    -0.3410000 0
N        -1.2360000     0.0000000     2.0270000 0
CA       -1.4470000     0.0000000     3.4720000 0
C        -2.5100000    -0.9930000     3.8790000 0
O        -3.5700000    -1.0990000     3.2840000 0
CB       -1.9100000     1.3970000     3.9240000 0
CG       -2.1270000     1.3970000     5.4080000 0
CD1      -1.0810000     1.7240000     6.2630000 0
CD2      -3.3740000     1.0710000     5.9280000 0
CE1      -1.2810000     1.7240000     7.6380000 0
CE2      -3.5750000     1.0710000     7.3040000 0
CZ       -2.5280000     1.3970000     8.1590000 0
OH       -2.7250000     1.3970000     9.5050000 0
H        -2.0260000     0.0000000     1.3810000 0
HA       -0.5030000    -0.2810000     3.9840000 0
1HB      -2.8620000     1.6530000     3.4120000 0
2HB      -1.1330000     2.1460000     3.6650000 0
HD1      -0.0940000     1.9820000     5.8510000 0
HD2      -4.2020000     0.8130000     5.2520000 0
HE1      -0.4530000     1.9820000     8.3150000 0
HE2      -4.5610000     0.8130000     7.7160000 0
HH       -3.6470000     1.1470000     9.6730000 0
N        -2.1540000    -1.7230000     4.9440000 0
CA       -3.0480000    -2.7400000     5.4910000 0
C        -3.1200000    -2.6640000     6.9980000 0
O        -2.1280000    -2.5350000     7.6960000 0
CB       -2.5570000    -4.1370000     5.0700000 0
OG1      -3.4470000    -5.0830000     5.6190000 0
CG2      -1.1650000    -4.3970000     5.6760000 0
H        -1.2400000    -1.5480000     5.3620000 0
HA       -4.0720000    -2.5860000     5.0920000 0
HB       -2.6270000    -4.2360000     3.9670000 0
HG1      -3.1390000    -5.9320000     5.3570000 0
1HG2     -0.8030000    -5.4030000     5.3780000 0
2HG2     -1.2180000    -4.3460000     6.7840000 0
3HG2     -0.4450000    -3.6320000     5.3170000 0
N        -4.3750000    -2.7520000     7.4600000 0
CA       -4.6540000    -2.6990000     8.8920000 0
C        -5.6410000    -3.7640000     9.3060000 0
O        -6.6570000    -3.9980000     8.6730000 0
CB       -5.2130000    -1.3110000     9.2560000 0
CG1      -5.5070000    -1.2550000    10.7660000 0
CG2      -6.5120000    -1.0580000     8.4690000 0
CD1      -6.0660000     0.1330000    11.1300000 0
H        -5.1290000    -2.8580000     6.7820000 0
HA       -3.7140000    -2.8660000     9.4590000 0
HB       -4.4650000    -0.5330000     8.9970000 0
1HG1     -4.5690000    -1.4340000    11.3320000 0
2HG1     -6.2550000    -2.0330000    11.0260000 0
1HG2     -6.3100000    -1.0970000     7.3790000 0
2HG2     -6.9230000    -0.0590000     8.7250000 0
3HG2     -7.2670000    -1.8310000     8.7240000 0
1HD1     -6.2810000     0.1830000    12.2180000 0
2HD1     -7.0040000     0.3240000    10.5670000 0
3HD1     -5.3270000     0.9200000    10.8720000 0
N        -5.2720000    -4.4040000    10.4240000 0
CA       -6.0960000    -5.4700000    10.9870000 0
C        -6.2470000    -5.3260000    12.4820000 0
O        -5.3050000    -5.0710000    13.2150000 0
CB       -5.4330000    -6.8320000    10.7100000 0
H        -4.3990000    -4.1240000    10.8710000 0
HA       -7.1100000    -5.4320000    10.5360000 0
1HB      -6.0610000    -7.6420000    11.1390000 0
2HB      -4.4290000    -6.8560000    11.1820000 0
3HB      -5.3380000    -6.9810000     9.6140000 0
N        -7.5090000    -5.5070000    12.8950000 0
CA       -7.8600000    -5.4070000    14.3080000 0
C        -8.7660000    -6.5370000    14.7370000 0
O        -9.7250000    -6.8950000    14.0740000 0
CB       -8.6060000    -4.0840000    14.5610000 0
H        -8.2170000    -5.7160000    12.1910000 0
HA       -6.9380000    -5.4580000    14.9240000 0
1HB      -8.8720000    -4.0110000    15.6360000 0
2HB      -9.5330000    -4.0610000    13.9500000 0
3HB      -7.9510000    -3.2320000    14.2840000 0
N        -8.3950000    -7.0830000    15.9030000 0
CA       -9.1450000    -8.1910000    16.4870000 0
C        -9.3800000    -7.9860000    17.9640000 0
O        -8.5010000    -7.6090000    18.7220000 0
CB       -8.3490000    -9.4980000    16.3140000 0
CG       -9.1410000   -10.6670000    16.9300000 0
CD1      -8.3450000   -11.9740000    16.7560000 0
CD2      -9.3670000   -10.4010000    18.4290000 0
H        -7.5730000    -6.7010000    16.3710000 0
HA      -10.1350000    -8.2700000    15.9920000 0
1HB      -7.3700000    -9.4050000    16.8280000 0
2HB      -8.1880000    -9.6910000    15.2330000 0
HG      -10.1200000   -10.7610000    16.4150000 0
1HD1     -8.9170000   -12.8160000    17.2010000 0
2HD1     -7.3660000   -11.8810000    17.2710000 0
3HD1     -8.1850000   -12.1680000    15.6750000 0
1HD2     -9.9380000   -11.2450000    18.8710000 0
2HD2     -9.9440000    -9.4610000    18.5540000 0
3HD2     -8.3860000   -10.3120000    18.9400000 0
N       -10.6390000    -8.2620000    18.3310000 0
CA      -11.0650000    -8.1250000    19.7210000 0
C       -11.8840000    -9.3110000    20.1710000 0
O       -12.7750000    -9.7890000    19.4880000 0
CB      -11.9390000    -6.8660000    19.8690000 0
CG      -12.3880000    -6.7210000    21.3350000 0
CD1     -13.2620000    -5.4620000    21.4830000 0
CD2     -13.2030000    -7.9610000    21.7470000 0
H       -11.2910000    -8.5710000    17.6100000 0
HA      -10.1720000    -8.0590000    20.3770000 0
1HB     -12.8320000    -6.9580000    19.2170000 0
2HB     -11.3500000    -5.9720000    19.5730000 0
HG      -11.4940000    -6.6290000    21.9870000 0
1HD1    -13.5840000    -5.3590000    22.5400000 0
2HD1    -14.1560000    -5.5550000    20.8320000 0
3HD1    -12.6730000    -4.5680000    21.1880000 0
1HD2    -13.5260000    -7.8550000    22.8040000 0
2HD2    -12.5720000    -8.8680000    21.6440000 0
3HD2    -14.0970000    -8.0480000    21.0960000 0
N       -11.5220000    -9.7610000    21.3800000 0
CA      -12.1960000   -10.9030000    21.9900000 0
C       -12.5190000   -10.6470000    23.4430000 0
O       -11.7150000   -10.1520000    24.2160000 0
CB      -11.2790000   -12.1380000    21.9230000 0
OG      -11.9690000   -13.2120000    22.5220000 0
H       -10.7610000    -9.2820000    21.8610000 0
HA      -13.1500000   -11.0980000    21.4580000 0
1HB     -10.3730000   -11.9580000    22.5390000 0
2HB     -11.1130000   -12.4170000    20.8620000 0
HG      -11.4010000   -13.9600000    22.4760000 0
N       -13.7640000   -11.0190000    23.7690000 0
CA      -14.2670000   -10.8520000    25.1300000 0
C       -14.9960000   -12.0850000    25.6080000 0
O       -15.8070000   -12.6780000    24.9150000 0
CB      -15.2370000    -9.6570000    25.1080000 0
CG      -15.2750000    -9.1340000    23.6600000 0
CD      -14.3260000   -10.0230000    22.8350000 0
HA      -13.4160000   -10.6700000    25.8190000 0
1HB     -14.8550000    -8.8590000    25.7780000 0
2HB     -16.2510000    -9.9990000    25.4020000 0
1HG     -14.9100000    -8.0860000    23.6370000 0
2HG     -16.3060000    -9.2260000    23.2610000 0
1HD     -13.5050000    -9.4020000    22.4210000 0
2HD     -14.9040000   -10.5450000    22.0440000 0
N       -14.6540000   -12.4380000    26.8540000 0
CA      -15.2500000   -13.6050000    27.4960000 0
C       -15.6650000   -13.3070000    28.9180000 0
O       -14.9470000   -12.7020000    29.6960000 0
CB      -14.2230000   -14.7520000    27.5360000 0
CG      -14.8360000   -15.9510000    28.1960000 0
CD1     -15.5120000   -16.8950000    27.4320000 0
CD2     -14.7290000   -16.1190000    29.5720000 0
CE1     -16.0800000   -18.0070000    28.0430000 0
CE2     -15.2970000   -17.2300000    30.1830000 0
CZ      -15.9730000   -18.1740000    29.4190000 0
OH      -16.5290000   -19.2620000    30.0170000 0
H       -13.9630000   -11.8660000    27.3410000 0
HA      -16.1570000   -13.9140000    26.9350000 0
1HB     -13.3320000   -14.4280000    28.1140000 0
2HB     -13.9230000   -15.0140000    26.5000000 0
HD1     -15.5970000   -16.7630000    26.3430000 0
HD2     -14.1940000   -15.3720000    30.1770000 0
HE1     -16.6150000   -18.7540000    27.4380000 0
HE2     -15.2120000   -17.3630000    31.2720000 0
HH      -16.3510000   -19.2040000    30.9690000 0
N       -16.8850000   -13.7770000    29.2100000 0
CA      -17.4650000   -13.5890000    30.5360000 0
C       -18.1030000   -14.8580000    31.0490000 0
O       -18.8220000   -15.5570000    30.3550000 0
CB      -18.5590000   -12.5060000    30.4710000 0
OG      -19.0890000   -12.3590000    31.7690000 0
H       -17.3970000   -14.2690000    28.4780000 0
HA      -16.6690000   -13.2940000    31.2510000 0
1HB     -19.3900000   -12.8600000    29.8250000 0
2HB     -18.0980000   -11.5330000    30.2020000 0
HG      -19.7540000   -11.6970000    31.7190000 0
N       -17.7900000   -15.1150000    32.3260000 0
CH3     -18.3090000   -16.2990000    33.0050000 0
H       -17.1770000   -14.4580000    32.8110000 0
1HH3    -17.9320000   -16.3230000    34.0490000 0
2HH3    -17.9730000   -17.2100000    32.4680000 0
3HH3    -19.4180000   -16.2640000    33.0130000 0
