# id atom_name atomic_weight atomic_number
  1     H      1.00794        1
  2    He      4.002602       2
  3    Li      6.941          3
  4    Be      9.012182       4
  5     B     10.811          5
  6     C     12.0107         6
  7     N     14.0067         7
  8     O     15.9994         8
  9     F     18.9984032      9
 10    Ne     20.1797        10
 11    Na     22.98976928    11
 12    Mg     24.305         12
 13    Al     26.9815386     13
 14    Si     28.0855        14
 15     P     30.973762      15
 16     S     32.065         16
 17    Cl     35.453         17
 18    Ar     39.948         18
 19     K     39.0983        19
 20    Ca     40.078         20
 21    Sc     44.955912      21
 22    Ti     47.867         22
 23     V     50.9415        23
 24    Cr     51.9961        24
 25    Mn     54.938045      25
 26    Fe     55.845         26
 27    Co     58.933195      27
 28    Ni     58.6934        28
 29    Cu     63.546         29
 30    Zn     65.38          30
 31    Ga     69.723         31
 32    Ge     72.64          32
 33    As     74.9216        33
 34    Se     78.96          34
 35    Br     79.904         35
 36    Kr     83.798         36
 37    Rb     85.4678        37
 38    Sr     87.62          38
 39     Y     88.90585       39
 40    Zr     91.224         40
 41    Nb     92.90638       41
 42    Mo     95.96          42
 43    Tc     98             43
 44    Ru    101.07          44
 45    Rh    102.9055        45
 46    Pd    106.42          46
 47    Ag    107.8682        47
 48    Cd    112.411         48
 49    In    114.818         49
 50    Sn    118.71          50
 51    Sb    121.76          51
 52    Te    127.6           52
 53     I    126.90447       53
 54    Xe    131.293         54
 55    Cs    132.9054519     55
 56    Ba    137.327         56
 57    La    138.90547       57
 58    Ce    140.116         58
 59    Pr    140.90765       59
 60    Nd    144.242         60
 61    Pm    145             61
 62    Sm    150.36          62
 63    Eu    151.964         63
 64    Gd    157.25          64
 65    Tb    158.92535       65
 66    Dy    162.5           66
 67    Ho    164.93032       67
 68    Er    167.259         68
 69    Tm    168.93421       69
 70    Yb    173.054         70
 71    Lu    174.9668        71
 72    Hf    178.49          72
 73    Ta    180.94788       73
 74     W    183.84          74
 75    Re    186.207         75
 76    Os    190.23          76
 77    Ir    192.217         77
 78    Pt    195.084         78
 79    Au    196.966569      79
 80    Hg    200.59          80
 81    Tl    204.3833        81
 82    Pb    207.2           82
 83    Bi    208.9804        83
 84    Po    209             84
 85    At    210             85
 86    Rn    222             86
 87    Fr    223             87
 88    Ra    226             88
 89    Ac    227             89
 90    Th    232.03806       90
 91    Pa    231.03588       91
 92     U    238.02891       92
 93    Np    237             93
 94    Pu    244             94
 95    Am    243             95
 96    Cm    247             96
 97    Bk    247             97
 98    Cf    251             98
 99    Es    252             99
100    Fm    257            100
101    Md    258            101
102    No    259            102
103    Lr    262            103
104    Rf    267            104
105    Db    268            105
106    Sg    271            106
107    Bh    272            107
108    Hs    270            108
109    Mt    276            109
110    Ds    281            110
111    Rg    280            111
112   Uub    285            112
113   Uut    284            113 
114   Uuq    289            114
115   Uup    288            115
116   Uuh    293            116
117   Uus      0            117
118   Uuo    294            118
201    CA     12.0107         6
202   CA1     12.0107         6
203   CA2     12.0107         6
204   CA3     12.0107         6
205   1CA     12.0107         6
206   2CA     12.0107         6
207   3CA     12.0107         6
208    CB     12.0107         6
209   CB1     12.0107         6
210   CB2     12.0107         6
211   CB3     12.0107         6
212   1CB     12.0107         6
213   2CB     12.0107         6
214   3CB     12.0107         6
215    CD     12.0107         6
216   CD1     12.0107         6
217   CD2     12.0107         6
218   CD3     12.0107         6
219   1CD     12.0107         6
210   2CD     12.0107         6
211   3CD     12.0107         6
212    CE     12.0107         6
213   CE1     12.0107         6
214   CE2     12.0107         6
215   CE3     12.0107         6
216   1CE     12.0107         6
217   2CE     12.0107         6
218   3CE     12.0107         6
219    CG     12.0107         6
220   CG1     12.0107         6
221   CG2     12.0107         6
222   CG3     12.0107         6
223   1CG     12.0107         6
224   2CG     12.0107         6
225   3CG     12.0107         6
226    CH     12.0107         6
227   CH1     12.0107         6
228   CH2     12.0107         6
229   CH3     12.0107         6
230   1CH     12.0107         6
231   2CH     12.0107         6
232   3CH     12.0107         6
233    CZ     12.0107         6
234   CZ1     12.0107         6
235   CZ2     12.0107         6
236   CZ3     12.0107         6
237   1CZ     12.0107         6
238   2CZ     12.0107         6
239   3CZ     12.0107         6
240    HA      1.008          1
241   HA1      1.008          1
242   HA2      1.008          1 
243   HA3      1.008          1
244   1HA      1.008          1
245   2HA      1.008          1
246   3HA      1.008          1
247    HB      1.008          1
248   HB1      1.008          1 
249   HB2      1.008          1
250   HB3      1.008          1
251   1HB      1.008          1
252   2HB      1.008          1
253   3HB      1.008          1
254    HC      1.008          1
255   HC1      1.008          1 
256   HC2      1.008          1
257   HC3      1.008          1
258   1HC      1.008          1
259   2HC      1.008          1
260   3HC      1.008          1
261    HD      1.008          1
262   HD1      1.008          1 
263   HD2      1.008          1
264   HD3      1.008          1
265   1HD      1.008          1
266   2HD      1.008          1
267   3HD      1.008          1
268  1HD1      1.008          1
269  2HD1      1.008          1
270  3HD1      1.008          1
271  HD11      1.008          1
272  HD12      1.008          1
273  HD13      1.008          1
274  1HD2      1.008          1
275  2HD2      1.008          1
276  3HD2      1.008          1
277  HD21      1.008          1
278  HD22      1.008          1
279  HD23      1.008          1
280    HE      1.008          1
281   HE1      1.008          1
282   HE2      1.008          1
283   HE3      1.008          1
284   1HE      1.008          1
285   2HE      1.008          1
286   3HE      1.008          1
287    HG      1.008          1
288   HG1      1.008          1
289   HG2      1.008          1
290   HG3      1.008          1
291   1HG      1.008          1
292   2HG      1.008          1
293   3HG      1.008          1
294  1HG1      1.008          1
295  2HG1      1.008          1
296  3HG1      1.008          1
297  HG11      1.008          1
298  HG12      1.008          1
299  HG13      1.008          1
300  1HG2      1.008          1
301  2HG2      1.008          1
302  3HG2      1.008          1
303  HG21      1.008          1
304  HG22      1.008          1
305  HG23      1.008          1
306    HH      1.008          1
307   HH1      1.008          1
308   HH2      1.008          1
309   HH3      1.008          1
310   1HH      1.008          1
311   2HH      1.008          1
312   3HH      1.008          1
313  1HH1      1.008          1
314  2HH1      1.008          1
315  3HH1      1.008          1
316  HH11      1.008          1
317  HH12      1.008          1
318  HH13      1.008          1
319  1HH2      1.008          1
320  2HH2      1.008          1
321  3HH2      1.008          1
322  HH21      1.008          1
323  HH22      1.008          1
324  HH23      1.008          1
325  1HH3      1.008          1
326  2HH3      1.008          1
327  3HH3      1.008          1
328  HH31      1.008          1
329  HH32      1.008          1
330  HH33      1.008          1
331    OG     15.9994         8
332   OG1     15.9994         8
333   OG2     15.9994         8
334   OG3     15.9994         8
335   1OG     15.9994         8
336   2OG     15.9994         8
337   3OG     15.9994         8
338    OH     15.9994         8
339   OH1     15.9994         8
340   OH2     15.9994         8
341   OH3     15.9994         8
342   1OH     15.9994         8
343   2OH     15.9994         8
344   3OH     15.9994         8 
